-1066.870000 -2081.320000
-999.631000 -1347.840000
-1028.420000 -672.538000
-977.822000 63.737600
-1043.630000 673.896000
-868.086000 1602.560000
-914.897000 2295.240000
-959.186000 2395.950000
-260.050000 -1944.470000
-411.017000 -1489.620000
-383.912000 -643.818000
-323.868000 -101.153000
-359.187000 823.866000
-338.113000 1623.870000
-820.677000 2196.340000
-409.798000 2770.120000
255.574000 -1909.230000
562.652000 -1426.460000
723.238000 -569.167000
363.295000 -61.459300
581.097000 985.382000
638.101000 1661.060000
590.301000 2039.080000
359.507000 2245.360000
