1.317846031188964844e+02 8.446359748840332315e+01 3.882509918212890909e+01
1.317846031188964844e+02 8.446359748840332315e+01 4.882509918212890909e+01
1.317846031188964844e+02 8.446359748840332315e+01 5.882509918212890909e+01
1.317846031188964844e+02 8.446359748840332315e+01 6.882509918212890909e+01
1.417846031188964844e+02 8.446359748840332315e+01 3.882509918212890909e+01
1.417846031188964844e+02 8.446359748840332315e+01 4.882509918212890909e+01
1.417846031188964844e+02 8.446359748840332315e+01 5.882509918212890909e+01
1.417846031188964844e+02 8.446359748840332315e+01 6.882509918212890909e+01
1.517846031188964844e+02 8.446359748840332315e+01 3.882509918212890909e+01
1.517846031188964844e+02 8.446359748840332315e+01 4.882509918212890909e+01
1.517846031188964844e+02 8.446359748840332315e+01 5.882509918212890909e+01
1.517846031188964844e+02 8.446359748840332315e+01 6.882509918212890909e+01
1.317846031188964844e+02 9.446359748840332315e+01 3.882509918212890909e+01
1.317846031188964844e+02 9.446359748840332315e+01 4.882509918212890909e+01
1.317846031188964844e+02 9.446359748840332315e+01 5.882509918212890909e+01
1.317846031188964844e+02 9.446359748840332315e+01 6.882509918212890909e+01
1.417846031188964844e+02 9.446359748840332315e+01 3.882509918212890909e+01
1.417846031188964844e+02 9.446359748840332315e+01 4.882509918212890909e+01
1.417846031188964844e+02 9.446359748840332315e+01 5.882509918212890909e+01
1.417846031188964844e+02 9.446359748840332315e+01 6.882509918212890909e+01
1.517846031188964844e+02 9.446359748840332315e+01 3.882509918212890909e+01
1.517846031188964844e+02 9.446359748840332315e+01 4.882509918212890909e+01
1.517846031188964844e+02 9.446359748840332315e+01 5.882509918212890909e+01
1.517846031188964844e+02 9.446359748840332315e+01 6.882509918212890909e+01
1.317846031188964844e+02 1.044635974884033232e+02 3.882509918212890909e+01
1.317846031188964844e+02 1.044635974884033232e+02 4.882509918212890909e+01
1.317846031188964844e+02 1.044635974884033232e+02 5.882509918212890909e+01
1.317846031188964844e+02 1.044635974884033232e+02 6.882509918212890909e+01
1.417846031188964844e+02 1.044635974884033232e+02 3.882509918212890909e+01
1.417846031188964844e+02 1.044635974884033232e+02 4.882509918212890909e+01
1.417846031188964844e+02 1.044635974884033232e+02 5.882509918212890909e+01
1.417846031188964844e+02 1.044635974884033232e+02 6.882509918212890909e+01
1.517846031188964844e+02 1.044635974884033232e+02 3.882509918212890909e+01
1.517846031188964844e+02 1.044635974884033232e+02 4.882509918212890909e+01
1.517846031188964844e+02 1.044635974884033232e+02 5.882509918212890909e+01
1.517846031188964844e+02 1.044635974884033232e+02 6.882509918212890909e+01
1.317846031188964844e+02 1.144635974884033232e+02 3.882509918212890909e+01
1.317846031188964844e+02 1.144635974884033232e+02 4.882509918212890909e+01
1.317846031188964844e+02 1.144635974884033232e+02 5.882509918212890909e+01
1.317846031188964844e+02 1.144635974884033232e+02 6.882509918212890909e+01
1.417846031188964844e+02 1.144635974884033232e+02 3.882509918212890909e+01
1.417846031188964844e+02 1.144635974884033232e+02 4.882509918212890909e+01
1.417846031188964844e+02 1.144635974884033232e+02 5.882509918212890909e+01
1.417846031188964844e+02 1.144635974884033232e+02 6.882509918212890909e+01
1.517846031188964844e+02 1.144635974884033232e+02 3.882509918212890909e+01
1.517846031188964844e+02 1.144635974884033232e+02 4.882509918212890909e+01
1.517846031188964844e+02 1.144635974884033232e+02 5.882509918212890909e+01
1.517846031188964844e+02 1.144635974884033232e+02 6.882509918212890909e+01
1.317846031188964844e+02 1.244635974884033232e+02 3.882509918212890909e+01
1.317846031188964844e+02 1.244635974884033232e+02 4.882509918212890909e+01
1.317846031188964844e+02 1.244635974884033232e+02 5.882509918212890909e+01
1.317846031188964844e+02 1.244635974884033232e+02 6.882509918212890909e+01
1.417846031188964844e+02 1.244635974884033232e+02 3.882509918212890909e+01
1.417846031188964844e+02 1.244635974884033232e+02 4.882509918212890909e+01
1.417846031188964844e+02 1.244635974884033232e+02 5.882509918212890909e+01
1.417846031188964844e+02 1.244635974884033232e+02 6.882509918212890909e+01
1.517846031188964844e+02 1.244635974884033232e+02 3.882509918212890909e+01
1.517846031188964844e+02 1.244635974884033232e+02 4.882509918212890909e+01
1.517846031188964844e+02 1.244635974884033232e+02 5.882509918212890909e+01
1.517846031188964844e+02 1.244635974884033232e+02 6.882509918212890909e+01
1.317846031188964844e+02 1.344635974884033089e+02 3.882509918212890909e+01
1.317846031188964844e+02 1.344635974884033089e+02 4.882509918212890909e+01
1.317846031188964844e+02 1.344635974884033089e+02 5.882509918212890909e+01
1.317846031188964844e+02 1.344635974884033089e+02 6.882509918212890909e+01
1.417846031188964844e+02 1.344635974884033089e+02 3.882509918212890909e+01
1.417846031188964844e+02 1.344635974884033089e+02 4.882509918212890909e+01
1.417846031188964844e+02 1.344635974884033089e+02 5.882509918212890909e+01
1.417846031188964844e+02 1.344635974884033089e+02 6.882509918212890909e+01
1.517846031188964844e+02 1.344635974884033089e+02 3.882509918212890909e+01
1.517846031188964844e+02 1.344635974884033089e+02 4.882509918212890909e+01
1.517846031188964844e+02 1.344635974884033089e+02 5.882509918212890909e+01
1.517846031188964844e+02 1.344635974884033089e+02 6.882509918212890909e+01
1.317846031188964844e+02 1.444635974884033089e+02 3.882509918212890909e+01
1.317846031188964844e+02 1.444635974884033089e+02 4.882509918212890909e+01
1.317846031188964844e+02 1.444635974884033089e+02 5.882509918212890909e+01
1.317846031188964844e+02 1.444635974884033089e+02 6.882509918212890909e+01
1.417846031188964844e+02 1.444635974884033089e+02 3.882509918212890909e+01
1.417846031188964844e+02 1.444635974884033089e+02 4.882509918212890909e+01
1.417846031188964844e+02 1.444635974884033089e+02 5.882509918212890909e+01
1.417846031188964844e+02 1.444635974884033089e+02 6.882509918212890909e+01
1.517846031188964844e+02 1.444635974884033089e+02 3.882509918212890909e+01
1.517846031188964844e+02 1.444635974884033089e+02 4.882509918212890909e+01
1.517846031188964844e+02 1.444635974884033089e+02 5.882509918212890909e+01
1.517846031188964844e+02 1.444635974884033089e+02 6.882509918212890909e+01
