4 84 3

5.80265997361e-06 0.000124131981292 6.7651078389e-05 
3.27274586952e-05 0.000387939892152 0.000304684701355 
-0.000108361189382 0.000230256531552 0.00023287574786 
-7.3147506345e-05 2.22661316085e-05 3.46836488551e-05 
0.000101107043546 0.000312806080382 0.000182309430537 
0.00115527004329 0.00125902907772 0.000662278566987 
0.00159477801601 0.00111360111805 -0.000243306293966 
0.000406734036851 0.000282648437893 -0.000242157842137 
0.000123271993672 -0.000206111124049 -6.3145932148e-05 
0.00180676276025 -0.00271788348149 -0.000676120444248 
0.00340150506375 -0.00491712093482 -0.000905665225479 
0.00117928322317 -0.00128286263606 5.92081090295e-05 
0.00230782694074 0.00321086823852 0.00334870250769 
0.0118030482565 0.0119789845198 0.0199744108258 
0.00201823655326 0.00669117448368 0.0167123628883 
-0.0027674949435 0.000504719954738 0.00163431422748 
0.0103844925022 0.0121669788297 0.0101404360808 
0.0693213717062 0.0588238169758 0.0546195479712 
0.0669009929391 0.0552613259371 0.0195067247691 
0.0124032490416 0.0132380130217 -0.00645036781699 
0.00580351340381 -0.000134220899747 0.00241785474932 
0.050942213995 -0.048185584296 0.0167294761238 
0.0904642490594 -0.11095510078 0.0277981783447 
0.0344780254388 -0.0329809527633 0.0191611278899 
0.0252177296488 0.0135404477749 0.026198526141 
0.118576794534 0.051220406931 0.195751314908 
-0.0332805698826 0.0324470455268 0.187096367621 
-0.0515478424125 0.00199793334841 0.0193284294218 
0.08832846889 0.0648634306708 0.0420751480928 
0.474133735533 0.336173357127 0.450076935991 
0.186972948025 0.327302441409 0.35474437427 
-0.0257883150598 0.0716243744214 -0.0202690997854 
0.00872244276563 0.0310026077219 -0.0271356277341 
-0.0116029881653 -0.0192284303497 0.172779466951 
0.0592738764108 -0.28542889012 0.422715029428 
0.091498587282 -0.104693018828 0.132261652229 
0.0292819824818 -0.00718875307731 0.0214656198312 
0.0127180170752 0.00930190850437 0.247467534963 
-0.469072110094 0.138681133108 0.216364072065 
-0.193142791016 0.0505958196112 -0.0488275356582 
0.0919957927116 -0.0203277110176 -0.158392358003 
0.0885475373146 0.0155065618887 0.053157334395 
-1.00897653654 0.306793930195 0.306090828007 
-0.267412597505 0.151383682252 -0.30793508499 
-0.0249768819319 0.0226312522183 -0.387406605068 
-0.652136031263 -0.0420690393134 -0.719576748527 
-1.02492850119 -0.265080047943 0.316627209281 
-0.0249744152335 0.0897942611117 -0.143985403907 
0.00311998573639 -0.0283878549158 -0.00333739069685 
-0.117916725344 -0.127076561657 0.0934470114574 
-0.37298336865 -0.0426998154513 0.0997047826365 
-0.0510108624301 0.0102305420002 -0.0922412008004 
0.0302926027392 -0.0947696146839 -0.211804649688 
-0.178233824528 -0.519471187348 -0.379531243897 
-0.477453921057 -0.414210866248 0.105537737847 
0.36442243593 0.144248542912 -0.432421159297 
0.00123601065981 -0.00665056304176 -0.438297254521 
-0.481243672599 -0.217261863535 -1.08313993738 
-0.301151327029 -0.420899745646 0.473265645163 
0.75238470905 0.441378070456 -0.109801917936 
0.0058177236813 -0.00799754425901 -0.0013890098814 
0.0723983780071 -0.0557109114808 0.0304438888121 
0.232706820452 -0.0799480119354 0.0342031123585 
0.0704889813585 -0.0585216390397 0.0100216355555 
0.024157074775 -0.0155162708446 -0.0451524211299 
0.340009691187 -0.105686010917 -0.142832604728 
1.3753073167 0.104391253667 -0.645418070166 
0.742926382664 0.380107844966 -0.871884708682 
-0.0160825346121 0.0130578498286 -0.0831876523404 
-0.211172961179 -0.0350328070635 0.0440908871203 
0.810359396537 -0.0713797609031 0.592375200696 
1.42181248638 0.769367058559 -0.868770663852 
0.00171250268488 -0.000272755187863 -0.000492160536439 
0.0288146147687 -0.00502400723766 0.00219504782236 
-0.0212785521255 -0.112706678273 0.144403332651 
-0.573369256406 -0.299185032349 0.564433659767 
0.00484100788181 0.00198916833557 -0.00501278845759 
0.1291269256 0.0378452044418 -0.0855283659139 
0.276468846758 0.0830497939306 -0.208142729948 
-1.36693963908 -0.100047239298 1.13034703985 
-0.00832334524547 -0.000834802971951 0.00627250926574 
-0.0909168500918 -0.0888305106449 0.266638472549 
0.50490613281 -0.185414222511 1.0559660668 
0.867771326555 1.03208945282 0.493684313321 

3.64871105278e-05 5.09606318696e-05 2.47412908348e-05 
0.000152734703661 0.000188655743389 5.2102795935e-05 
0.000229528562241 0.000275362736776 -4.52243003807e-05 
7.78400045805e-05 8.74572343255e-05 -2.4249008943e-05 
0.000215092886044 0.000377684286201 0.000252510140625 
0.00119409385874 0.00215296424661 0.000830514162952 
0.00173039891183 0.00302751354721 0.000306548531379 
0.000542312109989 0.000752208657628 0.000144967872447 
0.000301192076204 0.000502111659516 0.000229349810725 
0.00248873797029 0.004153753214 0.000199368823442 
0.00325854509175 0.00724406963361 -0.000595985561408 
0.000761686177112 0.00196026454508 0.000274679612725 
0.00138861479717 0.00144498500955 0.00178748705032 
0.00664352404381 0.00679252975248 0.00549854391538 
0.00770145891767 0.0114640664167 -0.00279689868472 
0.00216755503375 0.00376675026061 -0.00211438255239 
0.00757250063263 0.0107227300149 0.0127219218791 
0.0441497612905 0.0630876906312 0.0457253166916 
0.0512209798 0.0866995661912 0.0162649146811 
0.0114658266642 0.0195334778564 0.00740382075674 
0.0130596336345 0.0128232124483 0.0106123710712 
0.111552990008 0.101001921966 0.01256863934 
0.127653009653 0.16559521043 -0.00806547338803 
0.0184501903192 0.0379169780125 0.0230551686919 
0.011702929188 0.00727596420535 0.0186674284694 
0.0474157218247 0.0537771547893 0.0629203976618 
0.0193516899617 0.119567354727 -0.0423359080527 
0.00442273531586 0.0383336441154 -0.0322927381932 
0.0584677617851 0.0528038846701 0.116366790178 
0.307714481958 0.325210259961 0.453273978493 
0.23852348269 0.474097464477 0.182359433902 
0.0267470716771 0.0897246425999 0.0684370935688 
0.0969885718635 0.0523142499105 0.0969181253876 
0.919245026086 0.330845964822 0.233167108685 
1.15345338341 0.43307300844 0.187882399662 
0.163596597495 0.0305040064666 0.232331975324 
0.0136725402659 0.00590273267173 0.0371588440737 
-0.0572119792896 0.11856342295 0.0892934684377 
-0.275447635572 0.336112441678 -0.235532795758 
-0.0513080314755 0.101147026776 -0.162119311613 
0.0771894879433 0.0359823410971 0.206075861645 
0.00994973818408 0.348517671188 0.728290627343 
-0.694195058489 0.73061757447 -0.0776653553903 
-0.220386813428 0.15223772787 -0.201580840258 
0.117806090795 0.0306751825181 0.124326758524 
0.786229450477 -0.0325252387571 0.311915974205 
0.464055080413 -0.394693745533 0.0483679995676 
-0.251370995071 -0.189328237919 -0.0938206700928 
0.00413168968751 -0.00473449176813 0.0263752317157 
-0.0856472340188 0.0151252239251 0.0928531581684 
-0.196751912095 0.145002053638 -0.0989097625785 
0.0228730151143 0.0641537293924 -0.139149780165 
0.0476805974405 -0.0183590510484 0.118280113569 
-0.0478091661446 -0.0982299590523 0.56260555762 
-0.244000368168 0.139407363446 0.302067267483 
0.193510925582 0.234335126505 -0.187513797859 
0.116432392315 0.0150784473945 -0.0477107109476 
0.439088306784 -0.131581853205 -0.324088022828 
-0.280653405204 -0.324055713131 -0.278439300835 
-0.276465451856 0.225332415792 -0.216217616432 
0.00815898684734 -0.00356215704438 0.0124915712565 
0.0991920278513 -0.0179006613977 0.0746515833655 
0.284797001845 0.0641026881005 0.00556770858884 
0.0658718325071 0.131707431862 -0.125396141089 
0.0416137529529 -0.0153556337553 0.0553412378224 
0.6265823535 -0.130468046028 0.483207556322 
1.94305039988 0.335583821424 0.332607144965 
0.949815488801 0.82068410943 -0.687513856467 
0.0650782451423 -0.00156042227757 0.00231503121399 
0.735943073832 -0.161058943969 0.303653449914 
1.52757970482 0.0169143254109 0.693408950315 
0.826350524431 0.626288499792 -0.286349101564 
0.0025694431158 -0.000498549815999 0.00320834928307 
0.0192781989976 0.00869293246295 0.0112726229611 
-0.255085332309 0.120548275881 -0.11165887345 
-0.97831484864 0.144636808938 -0.115114870797 
0.0105358530459 -0.00396222317588 0.0173734247421 
0.198887657766 0.00580503326263 0.131768947532 
-0.00971121016709 0.505905550878 -0.511567525328 
-2.20332276064 0.15748490542 -0.939786105665 
0.00634120187871 -0.00833833253967 0.0251073839103 
0.157646574129 -0.143406961656 0.369232547683 
0.21032202015 -0.252107197456 0.351319060791 
-0.840752732311 -0.984720705914 -0.644132541547 

-0.000109582295689 -1.50299176051e-05 1.92049235008e-05 
-0.000412228058779 0.000180807055215 -0.000280920417022 
-0.000317180849787 0.000602911853717 -0.00186296335972 
4.03033735669e-05 0.000434123163072 -0.00134212828475 
-4.40220105606e-06 -0.000139754782665 0.000341603078147 
0.00162811867535 0.000767463006277 -3.00319420523e-05 
0.00412096221698 0.00186179085756 -0.00555528917095 
0.00156793139453 0.00151517576571 -0.0040565009348 
0.000848082080933 -0.000844761483131 0.000945161373252 
0.00697046640047 -0.00683760489254 0.00383012751764 
0.0125432898911 -0.0134722586068 0.00475064890019 
0.00372101932006 -0.00272092718241 0.00115566511972 
-0.00408639929967 -0.00158842034259 0.00101918604033 
-0.030852339926 -0.0136281894039 -0.00595785731927 
-0.0393698672426 -0.00529402811916 -0.0438165660656 
-0.0051292512174 0.00818402265041 -0.0274205681468 
-0.00579728984775 0.00173627661639 0.00933665203688 
-0.0088074913833 0.0167726033597 -0.0174488072283 
0.0648031328838 0.0763505617335 -0.207854339077 
0.0480240476419 0.0573135675284 -0.125034111494 
0.00286805776722 -0.011652661596 0.026107551208 
0.0977044621366 -0.171686518908 0.103765958668 
0.299488298645 -0.402833368986 0.0830617409479 
0.128762533392 -0.117633843188 0.0216184875267 
-0.0260690884445 -0.0295167990966 0.00903155441109 
-0.257265501231 -0.23794578019 0.0214601948507 
-0.434145988542 -0.263683142313 -0.0937695926323 
-0.0994143908133 -0.0158325275976 -0.0693587785946 
-0.0579971966788 -0.0315730429907 0.044338644557 
-0.383690593329 -0.189020335362 -0.0924523862316 
-0.182316213485 0.323540573229 -1.16271560111 
0.139528176694 0.382056564773 -0.645581808139 
-0.0804930342356 -0.0295535776111 0.169752028523 
-0.0265187275119 -0.485579181671 0.71721296289 
1.10068269841 -1.14803806319 0.282265736036 
0.620047283751 -0.294535998654 -0.00685431559498 
-0.0210289119517 -0.0595115047716 0.0166310074062 
-0.267219518501 -0.427209019673 0.180127544764 
-0.662050407304 -0.584738493845 0.298445280565 
-0.206741574923 -0.174556436789 0.147519443698 
-0.055282837463 -0.129011193558 -0.0382323681219 
-0.654454530023 -0.693385313644 -0.0682836235692 
-1.23351107078 -0.339223630721 -0.351451947571 
-0.312786975734 0.0118701888363 0.122808186664 
-0.116782005746 -0.0885224191367 0.0102609949573 
-0.597077041185 -0.388965209134 0.307846976144 
-0.246331647052 -0.43200603683 0.0399944940366 
-0.113975436491 -0.0136673413632 0.0590389234866 
-0.00966804239375 -0.0113474674079 -0.0112403932823 
-0.116909953959 -0.0812291828157 0.0102429340146 
-0.218496464611 -0.167775621927 0.113832167712 
-0.00450909550255 -0.11442930651 0.0785755983691 
-0.0103569916489 -0.0301704276039 -0.154330604341 
-0.358005074592 -0.0817353231219 -0.477022392931 
-0.588163299228 -0.0159793300266 0.155613449578 
0.10263658407 -0.019167156032 0.469038005186 
0.0840787604167 -0.068110341623 -0.246428153316 
0.262630284741 -0.31247503076 -0.806602110442 
-0.0880215322127 -0.0340198462091 0.0184159053292 
-0.0194963629579 0.606763120096 0.270950373344 
-0.00275285566172 0.00327089510609 -0.00556515906827 
-0.0201556115548 0.0161570982042 -0.0337792366401 
0.00733831321203 0.028204161071 -0.101793426879 
-0.0205584681559 0.0148321444278 -0.0597643055459 
0.00658587970059 -0.00259074126733 -0.00948265625406 
0.0759259132881 -0.0540390791448 0.0526509421409 
0.459515953634 0.140946579425 -0.225053749192 
0.240918939633 0.370314815999 -0.452140287576 
0.0530930051972 -0.0549978011254 0.045971770349 
0.456992504141 -0.539961893604 0.708812358199 
1.11338586454 -0.257139273656 0.503051244643 
0.476048488187 0.925939702369 -1.03678090725 
-7.25314421372e-05 0.000331915093015 -0.000438371663086 
-0.00761817048359 0.00501707023433 -0.0140080215181 
-0.157998996211 0.00834462080058 -0.0645934239507 
-0.438420243421 -0.0987036568622 0.233072683147 
0.00435621989543 -0.00550603228997 0.00916072170359 
0.0371482303324 -0.0351838504107 0.037519569652 
-0.142301933284 0.101616883329 -0.290171165408 
-0.799315923142 -0.119345466259 1.11474599346 
0.0113765117715 -0.0224836322365 0.0379880234899 
0.118641899953 -0.189875878104 0.344088944647 
0.569915667837 0.256371684171 -0.131577721538 
0.706080383237 0.962364158482 0.38612473929 

-0.000105472618802 5.78232315123e-06 -6.39064587473e-05 
-0.000662411653946 -0.000184247267331 -0.000232567226585 
-0.000869240637508 -0.0005769304458 -0.000326572248794 
-0.00024735459923 -0.00021346948208 -0.000148979373974 
-0.000232801562555 0.000226764104434 -0.000192269138551 
-0.000762502808878 0.00121378740081 1.55427121225e-05 
-0.000605469950868 -0.000691674061636 -0.000131991611505 
-0.00017956682646 -0.0006980854467 -0.000329117449226 
0.000284320409458 -0.000121522230475 -0.000173106011513 
0.00271772963546 -0.00149168135136 0.000805878915178 
0.004077361801 -0.00607177127579 0.00271648277337 
0.00101144523392 -0.00235735950276 0.00109969092279 
-0.00334769268735 -3.65762348879e-05 -0.0023825269776 
-0.023028779286 -0.0114103998097 -0.0109109795782 
-0.0255953855493 -0.0180803840556 -0.013930796044 
-0.00472332929955 -0.00169920769846 -0.00622036515781 
-0.0102733525595 0.010379042555 -0.00798183994466 
-0.0478961782679 0.0306239133347 -0.0273786179905 
-0.0266223521461 6.57329567539e-05 -0.048246465962 
0.00386805648655 0.00255734361066 -0.0276724798151 
-0.000620562581916 0.00738340713652 -0.00122443400889 
0.0386493308582 -0.018560881575 0.0175644005682 
0.109903442186 -0.145916699582 0.0475216997461 
0.043087327122 -0.0550419703206 0.0185955263958 
-0.0193424957612 -0.0155354975677 -0.0276846194041 
-0.101185951908 -0.154707214933 -0.0785957839297 
-0.100430412423 -0.179048719689 -0.0163535866154 
-0.0307550644732 -0.00988926003881 0.00327434786899 
-0.0922763772969 0.0013114173857 -0.135179068289 
-0.424582384876 -0.148244729051 -0.485669417163 
-0.250761532464 -0.128521483744 -0.427634825749 
-0.0201305280955 0.0822781270736 -0.135309478176 
-0.0721756487998 0.0157166445367 -0.054249667008 
-0.131813851749 -0.160186253379 -0.087007758155 
0.397747184336 -0.568922486418 0.0453558952464 
0.234261715597 -0.127895658636 -0.0107191040985 
-0.00222237291824 -0.0292048696065 -0.0345235930498 
0.0480469222202 -0.215764725543 0.0119387123042 
-0.0733803400859 -0.211065904402 0.320769278003 
-0.153315579026 -0.0159585658194 0.224643350437 
-0.0968242721621 -0.0652009627236 -0.233711564622 
-0.447210243617 -0.418664084676 -0.719987754959 
-0.689004698932 -0.218798897802 0.151019241802 
-0.45216846987 0.0855679348978 0.532364386368 
-0.139247290601 -0.097994018232 -0.101795000531 
-0.592399205459 -0.686501270578 -0.167675203006 
-0.239460404454 -0.824648548813 0.257022278146 
0.0386589668115 0.101492719864 0.0601869716033 
0.000398477636574 0.0023852569313 -0.0090305733706 
-0.0233418101567 0.0197220049068 0.0160887317303 
-0.160492666558 0.0299821051998 0.197901946074 
-0.087261541752 -0.0127969610992 0.163281968105 
-0.0355196676479 0.00666154708755 -0.0600291666628 
-0.353302994945 0.149370908725 -0.327775025432 
-0.4946075682 0.295009461432 -0.0188478858353 
0.0718806716865 0.142558994827 0.273028705261 
-0.0664146814418 -0.0843344107383 0.0402352022272 
-0.485950427538 -0.488328615767 0.144958503458 
-0.201170985405 -0.243276858223 -0.0204531422338 
0.495365574396 0.641238061968 -0.262567179811 
-0.00293202265117 0.00643991325695 -0.00464577386518 
0.0156320111565 0.0419325713552 -0.0257724667219 
0.210080329304 0.0124074367167 0.0632021020491 
0.141930245804 -0.00749391462531 0.145719243614 
-0.020068518439 0.0319122626366 -0.0281815977358 
0.0267480854164 0.235838195152 -0.284081151808 
1.03975729722 0.0562679562365 -0.206782447927 
0.64928762088 -0.214064965571 0.495145677349 
-0.0468573371812 0.016680566132 0.00194188511438 
-0.312159226972 0.126414053185 -0.0631149899495 
0.309934849491 -0.00837859443527 0.184350099111 
0.578153137951 -0.127951309416 0.623175274541 
0.000525626591238 0.00151882634012 0.000801129980466 
0.0398195011631 0.0195590590823 0.0327657889998 
0.197442282608 0.169523379065 0.238679249399 
-0.0623965664802 0.513761846391 0.174448091779 
0.0010239205595 0.00640130955272 0.000519475979032 
0.132900892021 0.0591436935793 0.117550912171 
0.485106350772 0.659094041905 0.898777354463 
-1.09073000069 2.30404586195 0.099928027203 
-0.00738903524254 0.00581378771934 0.00559168466053 
-0.0479390290154 0.0160223735877 0.242447429066 
-0.00181940733335 0.576317762371 1.13314891039 
-1.21398378666 1.98947201113 -0.544936047013 
