1 60 2

-0.00693865257512 -0.0101337312172 
-0.0110351941925 -0.0499288016585 
0.0191342329867 -0.0673463901448 
0.0422042535094 -0.050724660673 
0.0355827428325 -0.0187493968393 
0.0127887511393 -0.0188975230498 
-0.0479019618191 -0.0551837665032 
0.0803282511004 0.116429554774 
0.0131315027732 0.844406406752 
-0.360021983997 0.736907532931 
-0.0916896194994 0.0730974297709 
0.0755208434778 0.18085547145 
-0.0193304402317 0.137943824602 
-0.0493064371434 0.0727832346032 
0.00125776193614 -0.0248300051464 
0.116113636096 0.0418110290265 
0.896449019336 0.959474076001 
-0.191019917948 2.87123903218 
-2.95915543302 2.20934415402 
-2.12186103416 -0.665824572629 
-0.123614541996 0.472213323345 
-0.274499749652 0.886510896213 
-0.38608488158 0.795747780703 
0.0125328772816 0.115850685023 
0.529780228024 0.00845906553527 
1.82907458234 0.0660829666437 
0.301862561071 0.568740329636 
-3.36410458215 0.48965079923 
-3.65797723696 -0.403414830246 
-0.362974886041 0.0225483596332 
-0.105565419019 0.169639548663 
0.184265792802 0.260671266126 
0.577264150475 0.0587667937258 
0.33604391479 -0.144674425358 
1.46274174498 -1.57947459911 
-0.0596750103776 -3.38682729348 
-3.89663764354 -2.10948256811 
-3.59005380193 1.18968506785 
-0.367597657566 -0.361469397794 
-0.118956476321 -0.873162191274 
-0.0654488141706 -0.781499460353 
0.251175466401 -0.13028410636 
-0.0186592231378 0.0578563041878 
0.321377185851 -0.586010939885 
-0.123199292389 -2.15892549789 
-1.23525115739 -1.71564096413 
-0.678736186882 -0.0138233584384 
0.0374776152795 -0.352062366864 
-0.0247714937529 -0.325112869827 
-0.130078416237 -0.244385222123 
-0.0291503954908 0.00776685816772 
-0.0191674757828 0.0384842947028 
-0.0106764722601 0.118084721965 
0.0488728746154 0.0795134332155 
0.0675173899685 0.0236022735102 
0.0786899941654 0.0138142120604 
0.0464723007913 0.0371409644844 
0.021433239248 0.106907124949 
0.0153542909161 0.0696186759193 
0.00678271616916 0.0203877020519 
